19 0.587 0.552 0.226 0.261333
0 0.525 0.430667 0.874 0.776
14 0.625 0.536 0.61 0.928
7 0.676 0.561333 0.648 0.877333
2 0.525 0.542667 0.39 0.834667
14 0.501 0.501506 0.998 0.996988
11 0.501008 0.511 0.997984 0.978
2 0.559 0.514667 0.218 0.181333
11 0.545161 0.537694 0.909677 0.866962
2 0.317 0.417151 0.618 0.68314
14 0.4625 0.630208 0.797222 0.739583
11 0.843 0.698813 0.102 0.234421
3 0.549 0.441645 0.738 0.278515
14 0.505 0.510563 0.322 0.35446
2 0.454 0.470588 0.768 0.2
0 0.493 0.470284 0.966 0.935401
7 0.423684 0.56 0.842105 0.88
7 0.501333 0.841 0.997333 0.318
6 0.561667 0.34 0.136667 0.08
15 0.391 0.501497 0.086 0.134731
2 0.398 0.34985 0.352 0.327327
0 0.551 0.357357 0.138 0.246246
14 0.695833 0.627083 0.463889 0.745833
11 0.324 0.273414 0.18 0.401813
2 0.546218 0.495 0.64986 0.954
15 0.50125 0.501667 0.9975 0.996667
14 0.425 0.53012 0.794 0.939759
14 0.498 0.6 0.444 0.8
7 0.448864 0.504545 0.844697 0.963636
7 0.453333 0.473 0.901333 0.89
5 0.577333 0.521 0.845333 0.61
14 0.648 0.441333 0.324 0.642667
14 0.494667 0.525 0.370667 0.654
8 0.223 0.834835 0.214 0.33033
14 0.412437 0.543 0.819797 0.914
2 0.506964 0.532 0.896936 0.936
19 0.481 0.257333 0.454 0.509333
2 0.579 0.494012 0.794 0.826347
14 0.958 0.805333 0.084 0.325333
14 0.492188 0.502232 0.940625 0.830357
8 0.634 0.510638 0.444 0.680851
7 0.626126 0.434 0.747748 0.576
14 0.152 0.604 0.3 0.792
14 0.291 0.222667 0.158 0.44
13 0.49 0.501333 0.952 0.997333
3 0.540541 0.424 0.918919 0.744
16 0.472 0.568 0.256 0.250667
11 0.45 0.54955 0.896 0.900901
14 0.546 0.66967 0.5 0.660661
14 0.551 0.592 0.114 0.437333
7 0.328 0.586667 0.652 0.826667
7 0.453 0.501333 0.71 0.997333
0 0.501 0.564565 0.998 0.504505
7 0.656 0.614 0.432 0.184
14 0.465 0.501511 0.77 0.996979
19 0.516 0.352 0.722667 0.424
7 0.532 0.446667 0.384 0.664
12 0.481538 0.496 0.84 0.708
7 0.526 0.528169 0.284 0.616901
15 0.489333 0.525 0.973333 0.846
7 0.362 0.470667 0.72 0.936
14 0.487988 0.546 0.51952 0.456
2 0.496997 0.565 0.51952 0.87
13 0.491 0.428 0.978 0.722667
19 0.482 0.488 0.452 0.48
1 0.458 0.501348 0.86 0.997305
5 0.501 0.461333 0.998 0.426667
6 0.945 0.785333 0.11 0.216
11 0.562 0.557333 0.616 0.768
14 0.501333 0.501 0.997333 0.998
12 0.588 0.54661 0.576 0.471751
11 0.248 0.486486 0.088 0.264264
6 0.485 0.683183 0.67 0.375375
2 0.552 0.540541 0.304 0.132132
3 0.573 0.478667 0.65 0.173333
12 0.627 0.545 0.746 0.91
0 0.496 0.471471 0.864 0.372372
0 0.49 0.439297 0.976 0.552716
2 0.546 0.50274 0.904 0.758904
2 0.603 0.58 0.482 0.738667
3 0.231 0.387387 0.334 0.768769
19 0.434667 0.647 0.864 0.706
18 0.501 0.517751 0.998 0.822485
14 0.487179 0.566 0.300366 0.512
12 0.465 0.577333 0.338 0.456
18 0.151 0.282086 0.298 0.409091
14 0.464 0.496997 0.86 0.555556
14 0.537037 0.5625 0.511983 0.875
15 0.501333 0.501 0.997333 0.998
11 0.501 0.461333 0.998 0.762667
14 0.373 0.586667 0.594 0.826667
5 0.237 0.550667 0.374 0.162667
14 0.554 0.614114 0.392 0.771772
6 0.053 0.30988 0.086 0.080838
6 0.498 0.524476 0.984 0.811189
14 0.482301 0.635274 0.287611 0.729452
3 0.497 0.468468 0.598 0.660661
7 0.501 0.501401 0.998 0.997199
14 0.648529 0.727 0.202941 0.346
11 0.497 0.548 0.31 0.482667